14.1002340000000	-41795.8190882938
14.1009360000000	-19871.3547008527
14.1021060000000	-17251.0012210033
14.1037440000000	-15256.4658119695
14.1058500000000	-13445.7195027237
14.1084240000000	-11118.5453648826
14.1114660000000	-9172.28091168001
14.1149760000000	-7283.00351935965
14.1189540000000	-8602.99055330343
14.1234000000000	-7089.06573056657
14.1283140000000	-6653.93069491225
14.1336960000000	-9089.47965811876
14.1395460000000	-5785.30531813678
14.1458640000000	-3921.49130563029
14.1526500000000	-4777.08919217007
14.1599040000000	-5042.22027971955
14.1676260000000	-6284.09536019474
14.1758160000000	-4521.55058905126
14.1844740000000	-6866.26671049600
14.1936000000000	-6218.00854700863
14.2031940000000	-3242.90926257276
14.2132560000000	-2675.19867046507
14.2237860000000	-3395.99372613235
14.2347840000000	-4043.79966858524
14.2462500000000	-1461.91318920729
14.2581840000000	-3419.37227866479
14.2705860000000	-3347.38127428141
14.2834560000000	-3150.23129404644
14.2967940000000	-3533.81993336305
14.3106000000000	-4012.38328429302
14.3248740000000	-3701.53310269932
14.3396160000000	-3760.53057199262
14.3548260000000	-2532.75245567046
14.3705040000000	-2882.86324786309
14.3866500000000	-1596.70958227995
14.4032640000000	-1913.32660110074
14.4203460000000	-2333.76820512798
14.4378960000000	-3084.97730047736
14.4559140000000	-1573.27977929234
14.4744000000000	-2000.51667194270
14.4933540000000	-1738.33003810108
14.5127760000000	-3346.44077425839
14.5326660000000	-1442.61857746341
14.5530240000000	-2548.58959953931
14.5738500000000	-3178.15084061223
14.5951440000000	-2179.03386637250
14.6169060000000	-2374.11794871809
14.6391360000000	-1992.96898405145
14.6618340000000	-2301.89739273057
14.6850000000000	-1673.14263349415
14.7086340000000	-2577.53995519053
14.7327360000000	-2424.81249491226
14.7573060000000	-2756.25676971020
14.7823440000000	-1803.36273817925
14.8078500000000	-2567.15657965661
14.8338240000000	-1690.46006353532
14.8602660000000	-1625.59342251946
14.8871760000000	-3054.42263861488
14.9145540000000	-2488.02416864195
14.9424000000000	-2147.63424454334
14.9707140000000	-2302.62910847032
14.9994960000000	-2713.23989743612
15.0287460000000	-2304.05155124834
15.0584640000000	-2299.04117802965
15.0886500000000	-2149.29496966137
15.1193040000000	-1830.16885161623
15.1504260000000	-1891.14108895212
15.1820160000000	-2675.66008484628
15.2140740000000	-2507.65636721400
15.2466000000000	-2069.38573680060
15.2795940000000	-2451.05427051580
15.3130560000000	-2455.71429413487
15.3469860000000	-2413.14497935930
15.3813840000000	-2188.79716629386
15.4162500000000	-2102.14852549948
15.4515840000000	-1233.27663259035
15.4873860000000	-1341.55809208719
15.5236560000000	-1954.64750394679
15.5603940000000	-1657.20190291899
15.5976000000000	-1579.44755003447
15.6352740000000	-1236.82806355197
15.6734160000000	-1177.64662004656
15.7120260000000	-986.653180817853
15.7511040000000	-1184.89328882821
15.7906500000000	-1270.81606437755
15.8306640000000	-1093.05911269199
15.8711460000000	-443.706715506729
15.9120960000000	-256.509971509970
15.9535140000000	-474.069641407632
15.9954000000000	-48.7723190253582
16.0377540000000	474.869646443406
16.0805760000000	-211.933411873417
16.1238660000000	735.064171122988
16.1676240000000	1288.29722335283
16.2118500000000	1376.75891618551
16.2565440000000	1727.67056374824
16.3017060000000	2967.55840455869
16.3473360000000	3224.47850232110
16.3934340000000	4140.22205042287
16.4400000000000	4747.27409958753
16.4870340000000	4603.75752599911
16.5345360000000	4623.65436731262
16.5825060000000	4229.60113960106
16.6309440000000	4250.22676154266
16.6798500000000	3566.86920241447
16.7292240000000	3278.51751534839
16.7790660000000	3340.81991651762
16.8293760000000	3523.25692228910
16.8801540000000	3312.61698474034
16.9314000000000	3697.07738716785
16.9831140000000	5020.46510290886
17.0352960000000	4963.24634377969
17.0879460000000	5632.48540984247
17.1410640000000	6246.11484342893
17.1946500000000	6321.18400118433
17.2487040000000	5517.47294670055
17.3032260000000	4233.72358610656
17.3582160000000	2965.79645858119
17.4136740000000	1651.47210599723
17.4696000000000	828.329680462447
17.5259940000000	1164.05963560904
17.5828560000000	661.024960753528
17.6401860000000	239.113394927153
17.6979840000000	551.891737891741
17.7562500000000	557.519920318748
17.8149840000000	215.636870376004
17.8741860000000	81.7144595274000
17.9338560000000	778.182413781609
17.9939940000000	-110.407448107448
18.0546000000000	-247.782657104505
18.1156740000000	-305.981557310440
18.1772160000000	-413.256636026466
18.2392260000000	-234.982425813891
18.3017040000000	77.1649874495597
18.3646500000000	741.680228340726
18.4280640000000	592.225415610002
18.4919460000000	689.954467754495
18.5562960000000	1488.55558641121
18.6211140000000	1714.88450816407
18.6864000000000	1992.32974419812
18.7521540000000	2545.09437951121
18.8183760000000	3313.41160593804
18.8850660000000	3936.32121266252
18.9522240000000	4333.43980125983
19.0198500000000	5240.54072311815
19.0879440000000	5364.66395379365
19.1565060000000	6090.93770824266
19.2255360000000	7370.20561742790
19.2950340000000	8247.40788382919
19.3650000000000	8439.56029758370
19.4354340000000	9488.64883924287
19.5063360000000	11478.1195180051
19.5777060000000	12262.9821264512
19.6495440000000	12750.9228833013
19.7218500000000	12823.6126913460
19.7946240000000	12053.6434013270
19.8678660000000	10915.6651743316
19.9415760000000	11423.8085416161
20.0157540000000	12687.6017469125
20.0904000000000	13574.4668104483
20.1655140000000	15432.5037707382
20.2410960000000	17320.7942143338
20.3171460000000	17435.0558038623
20.3936640000000	16074.7122853510
20.4706500000000	13261.3938595807
20.5481040000000	10524.0770257440
20.6260260000000	7846.78913126650
20.7044160000000	6282.18012123083
20.7832740000000	5847.98943599815
20.8626000000000	4841.39045542273
20.9423940000000	4629.80164959750
21.0226560000000	4701.29109376941
21.1033860000000	4010.43178403406
21.1845840000000	3843.67570347520
21.2662500000000	3899.05909854628
21.3483840000000	4283.76262075972
21.4309860000000	4184.47345612138
21.5140560000000	4245.84620172852
21.5975940000000	4408.24560150472
21.6816000000000	4310.15626109808
21.7660740000000	4759.45398036298
21.8510160000000	5383.07610350101
21.9364260000000	6080.84759775463
22.0223040000000	5987.39501540322
22.1086500000000	5954.89656046282
22.1954640000000	7095.08134552355
22.2827460000000	7240.34039886042
22.3704960000000	7788.98807499592
22.4587140000000	8635.63764292005
22.5474000000000	9554.43423738693
22.6365540000000	9622.68907187945
22.7261760000000	10863.0204240209
22.8162660000000	10960.4630181760
22.9068240000000	10212.1813547778
22.9978500000000	9899.89114040256
23.0893440000000	10161.5226941560
23.1813060000000	10268.4247538682
23.2737360000000	10760.9652522123
23.3666340000000	11747.7882741041
23.4600000000000	12340.9989982308
23.5538340000000	11629.8774151128
23.6481360000000	9664.52453308004
23.7429060000000	7674.78852978895
23.8381440000000	5868.33375127975
23.9338500000000	4702.73306714906
24.0300240000000	4140.83152252647
24.1266660000000	3873.13881165686
24.2237760000000	3492.61319149813
24.3213540000000	3045.07170103829
24.4194000000000	2878.55786994737
24.5179140000000	2857.59532036129
24.6168960000000	3001.42865761697
24.7163460000000	3060.53784102957
24.8162640000000	3021.89030342886
24.9166500000000	2711.67608622360
25.0175040000000	2582.57851207035
25.1188260000000	3095.36496708918
25.2206160000000	3166.58373916958
25.3228740000000	2580.46658100188
25.4256000000000	2550.47967905106
25.5287940000000	2276.48222106462
25.6324560000000	2042.10563718433
25.7365860000000	2126.73932579967
25.8411840000000	2555.92037386031
25.9462500000000	2080.99844599847
26.0517840000000	2228.04805569706
26.1577860000000	2190.11815534896
26.2642560000000	2514.03345863951
26.3711940000000	2255.78524477215
26.4786000000000	2230.05710365807
26.5864740000000	2192.24206678835
26.6948160000000	2006.19979781273
26.8036260000000	2164.09890371340
26.9129040000000	2257.96047236358
27.0226500000000	2735.00217758173
27.1328640000000	2471.71202182829
27.2435460000000	2485.29959514173
27.3546960000000	2522.08478919179
27.4663140000000	2338.93430044784
27.5784000000000	2416.64001279380
27.6909540000000	2678.81093946318
27.8039760000000	2759.59247510797
27.9174660000000	2878.23513926174
28.0314240000000	3380.17032842192
28.1458500000000	3763.50531794525
28.2607440000000	3390.87489814667
28.3761060000000	1746.05715272378
28.4919360000000	-3641.10173863716
28.6082340000000	-5633.60676881836