14.1002340000000	0
14.1009360000000	22935.4111111089
14.1021060000000	16131.8870573890
14.1037440000000	17840.4121557498
14.1058500000000	22571.0637140708
14.1084240000000	16035.0946745434
14.1114660000000	14108.8165242151
14.1149760000000	14694.4550025203
14.1189540000000	13557.8918128609
14.1234000000000	10370.6377696390
14.1283140000000	11275.5873281364
14.1336960000000	12635.2010256398
14.1395460000000	9375.95615700868
14.1458640000000	10456.0505452430
14.1526500000000	12180.0497656471
14.1599040000000	11282.1333851318
14.1676260000000	8477.13015872932
14.1758160000000	10645.3244398260
14.1844740000000	11171.6195485402
14.1936000000000	9020.34271419649
14.2031940000000	9740.39206917327
14.2132560000000	9340.92991452899
14.2237860000000	8856.93889798229
14.2347840000000	8040.96459096430
14.2462500000000	9140.20697167748
14.2581840000000	9358.10595065327
14.2705860000000	8059.48329448361
14.2834560000000	8212.80401859181
14.2967940000000	9438.17180936023
14.3106000000000	7656.93358553996
14.3248740000000	7556.69651336225
14.3396160000000	8531.82577251923
14.3548260000000	8372.93532338340
14.3705040000000	7078.08187786410
14.3866500000000	7217.47863247838
14.4032640000000	7884.44912773750
14.4203460000000	7572.59829059754
14.4378960000000	7562.49639249654
14.4559140000000	8812.54516931679
14.4744000000000	7486.20185712817
14.4933540000000	6930.37895170408
14.5127760000000	7339.13071895418
14.5326660000000	7427.50515767762
14.5530240000000	6328.26514933324
14.5738500000000	7159.93472339591
14.5951440000000	8011.03758845668
14.6169060000000	7197.76293297390
14.6391360000000	6980.98643052248
14.6618340000000	7347.93188293138
14.6850000000000	7015.13920622847
14.7086340000000	6133.26860841445
14.7327360000000	6744.40170940104
14.7573060000000	7739.14130521652
14.7823440000000	7360.20857837371
14.8078500000000	7075.60599060607
14.8338240000000	7458.21987746783
14.8602660000000	7076.91564474150
14.8871760000000	6659.08247497977
14.9145540000000	7046.28420599047
14.9424000000000	6894.45150808788
14.9707140000000	6466.65485372731
14.9994960000000	6521.58495726550
15.0287460000000	6953.37909684348
15.0584640000000	6691.97276883352
15.0886500000000	6483.82005611009
15.1193040000000	6834.08971145816
15.1504260000000	6784.35042735014
15.1820160000000	6468.85364027715
15.2140740000000	6610.79136690669
15.2466000000000	6661.98551251734
15.2795940000000	6588.90980814056
15.3130560000000	6468.28323017948
15.3469860000000	7071.95272980998
15.3813840000000	6700.24006195163
15.4162500000000	5988.50965076120
15.4515840000000	6359.72375844919
15.4873860000000	6708.22277364245
15.5236560000000	6344.80565082450
15.5603940000000	6464.10874590161
15.5976000000000	6910.95052290688
15.6352740000000	6789.27297991705
15.6734160000000	6394.11344211311
15.7120260000000	7047.76907723016
15.7511040000000	7182.34309411831
15.7906500000000	6712.93847153537
15.8306640000000	6989.09416530759
15.8711460000000	7411.42148962172
15.9120960000000	7109.96088657103
15.9535140000000	6841.25220837514
15.9954000000000	7313.37701279698
16.0377540000000	7462.33478118706
16.0805760000000	6897.32178332195
16.1238660000000	7703.58791535255
16.1676240000000	8241.47560258703
16.2118500000000	7878.53895377397
16.2565440000000	7935.11536247266
16.3017060000000	8246.28643436415
16.3473360000000	8504.58067595112
16.3934340000000	8158.07670832760
16.4400000000000	8666.35136284390
16.4870340000000	9237.38684687001
16.5345360000000	9034.88930581558
16.5825060000000	9471.58842231289
16.6309440000000	10270.0233100236
16.6798500000000	10075.6969255080
16.7292240000000	9375.98591549263
16.7790660000000	9229.56807791698
16.8293760000000	8852.92725195932
16.8801540000000	8246.00671271920
16.9314000000000	8312.98990602150
16.9831140000000	8771.22379364499
17.0352960000000	8838.30370370373
17.0879460000000	9162.78191950037
17.1410640000000	10054.5797409766
17.1946500000000	10301.4361564367
17.2487040000000	10197.6814863727
17.3032260000000	10504.7952354973
17.3582160000000	10100.7292004758
17.4136740000000	8874.17426599443
17.4696000000000	7822.39546760281
17.5259940000000	7328.79146002618
17.5828560000000	6640.32182103607
17.6401860000000	5907.27706841049
17.6979840000000	6060.72426457972
17.7562500000000	6028.52504511892
17.8149840000000	5430.81145907241
17.8741860000000	5267.40338528569
17.9338560000000	5388.87957697278
17.9939940000000	5155.76395076396
18.0546000000000	4999.08291580723
18.1156740000000	5364.46946800534
18.1772160000000	5476.19400096783
18.2392260000000	4998.72098978851
18.3017040000000	5083.74003113779
18.3646500000000	5192.18973728185
18.4280640000000	4918.40330609537
18.4919460000000	4944.77218337238
18.5562960000000	5746.00265358398
18.6211140000000	5800.52905676558
18.6864000000000	5695.11406150211
18.7521540000000	6419.79417716135
18.8183760000000	7069.43709701629
18.8850660000000	7015.22662973854
18.9522240000000	7562.64025670593
19.0198500000000	8705.37066408219
19.0879440000000	8406.43388465914
19.1565060000000	8543.48688975789
19.2255360000000	9755.97240208360
19.2950340000000	10425.4733727809
19.3650000000000	10378.6527813274
19.4354340000000	11409.0931144396
19.5063360000000	12835.3281490826
19.5777060000000	13459.6794175785
19.6495440000000	14851.9832379053
19.7218500000000	16404.9165910905
19.7946240000000	16165.0992599873
19.8678660000000	14876.6056166052
19.9415760000000	14377.6564480035
20.0157540000000	14596.3641722267
20.0904000000000	14165.0371435420
20.1655140000000	14895.0398242960
20.2410960000000	16846.1328073647
20.3171460000000	18253.3194803828
20.3936640000000	19321.4597459283
20.4706500000000	19346.6405866700
20.5481040000000	17150.5864839204
20.6260260000000	13375.0325296590
20.7044160000000	10975.9273631088
20.7832740000000	9528.34631772664
20.8626000000000	7858.74927939447
20.9423940000000	7103.68268919279
21.0226560000000	7009.04162021561
21.1033860000000	6439.39013276185
21.1845840000000	5801.55046163653
21.2662500000000	5901.88107239390
21.3483840000000	6091.49972155628
21.4309860000000	5561.09100758401
21.5140560000000	5704.51483157360
21.5975940000000	6114.09887389006
21.6816000000000	5660.56691999904
21.7660740000000	5378.24444915344
21.8510160000000	5940.22397845713
21.9364260000000	6606.81175621195
22.0223040000000	6709.86449864507
22.1086500000000	7320.78420531277
22.1954640000000	8394.78815792471
22.2827460000000	8895.35988603991
22.3704960000000	9527.19025595670
22.4587140000000	10894.3392418196
22.5474000000000	11806.6177625232
22.6365540000000	12509.5646158306
22.7261760000000	14059.3462093468
22.8162660000000	15450.1744738176
22.9068240000000	15103.9131676665
22.9978500000000	14630.1134500622
23.0893440000000	14435.8474152364
23.1813060000000	14089.1810018397
23.2737360000000	14646.6813063793
23.3666340000000	16538.6639676114
23.4600000000000	18302.5001598566
23.5538340000000	17549.5291722334
23.6481360000000	15161.8634589004
23.7429060000000	12333.7879837887
23.8381440000000	9328.39863749366
23.9338500000000	7383.39488843128
24.0300240000000	6305.21046749865
24.1266660000000	5375.12439501592
24.2237760000000	4608.49638238134
24.3213540000000	4160.90947106460
24.4194000000000	3902.60856324983
24.5179140000000	3402.51288112992
24.6168960000000	3116.72156862753
24.7163460000000	2917.61694589556
24.8162640000000	2703.08529077769
24.9166500000000	2417.30610585595
25.0175040000000	2204.99101873229
25.1188260000000	2016.76245210733
25.2206160000000	1849.46781669896
25.3228740000000	1658.91205731752
25.4256000000000	1555.97844835937
25.5287940000000	1439.55239142598
25.6324560000000	1382.21261884186
25.7365860000000	1138.31363888408
25.8411840000000	1107.37412673941
25.9462500000000	1147.25529213336
26.0517840000000	858.439991698269
26.1577860000000	831.567446229000
26.2642560000000	790.959967457756
26.3711940000000	653.891821685933
26.4786000000000	548.921065316967
26.5864740000000	498.045550202103
26.6948160000000	497.996599577253
26.8036260000000	530.570764472247
26.9129040000000	498.859183933837
27.0226500000000	350.029596965894
27.1328640000000	297.294022514951
27.2435460000000	467.398380566808
27.3546960000000	541.009218943198
27.4663140000000	400.878950091889
27.5784000000000	520.586776125224
27.6909540000000	844.669436039021
27.8039760000000	750.447924927315
27.9174660000000	93.3236016778080
28.0314240000000	-959.874766224475
28.1458500000000	-2257.75636673804
28.2607440000000	-3500.21696919260
28.3761060000000	-4942.76724510047
28.4919360000000	-8361.03097215821
28.6082340000000	-8574.98443653422