14.1002340000000	-3247.21752136556
14.1009360000000	-11913.8555555544
14.1021060000000	-10283.7521367534
14.1037440000000	-153.850104463475
14.1058500000000	-9899.34343434656
14.1084240000000	-1334.16919789505
14.1114660000000	-6621.08689458624
14.1149760000000	-2466.72262443547
14.1189540000000	-1856.57768780864
14.1234000000000	-3392.05982906023
14.1283140000000	-5086.07766629758
14.1336960000000	-3663.20991452955
14.1395460000000	-3752.85454257555
14.1458640000000	-1216.79049513737
14.1526500000000	-2135.15315687907
14.1599040000000	-3764.28127428073
14.1676260000000	-3535.60073260038
14.1758160000000	-3560.32744282797
14.1844740000000	-3321.86543940319
14.1936000000000	-3338.03387533880
14.2031940000000	-1811.39127410097
14.2132560000000	-1225.72877492865
14.2237860000000	-2353.85224586311
14.2347840000000	-2156.94915402050
14.2462500000000	-3047.23093681914
14.2581840000000	-2220.16303821968
14.2705860000000	-2036.90481740490
14.2834560000000	-2807.03613735135
14.2967940000000	-2158.21302332365
14.3106000000000	-1300.37193498666
14.3248740000000	-1191.83299416618
14.3396160000000	-1956.10256410283
14.3548260000000	-1494.11398137523
14.3705040000000	-817.812151616455
14.3866500000000	-970.342361863455
14.4032640000000	-2007.20161573604
14.4203460000000	-2131.54131054110
14.4378960000000	-603.730436230448
14.4559140000000	-1915.08249486086
14.4744000000000	-1936.20760789289
14.4933540000000	-554.171249098946
14.5127760000000	-1078.54167923579
14.5326660000000	-188.888161901956
14.5530240000000	-66.4057908383822
14.5738500000000	-775.997182304837
14.5951440000000	-686.050914437988
14.6169060000000	-123.224741340538
14.6391360000000	422.911688254470
14.6618340000000	-265.277972027954
14.6850000000000	-776.878099348413
14.7086340000000	-329.827238403463
14.7327360000000	-455.472323972279
14.7573060000000	-394.415624251161
14.7823440000000	531.189798478789
14.8078500000000	554.954415954422
14.8338240000000	107.776741547540
14.8602660000000	-467.577740616856
14.8871760000000	-438.858499525157
14.9145540000000	69.5101414924982
14.9424000000000	267.189012502649
14.9707140000000	189.041932457765
14.9994960000000	-41.1043829059863
15.0287460000000	-13.1908324920920
15.0584640000000	0.220947972570075
15.0886500000000	660.450251190705
15.1193040000000	403.013688066321
15.1504260000000	-434.085375118690
15.1820160000000	145.180669411695
15.2140740000000	136.653271229175
15.2466000000000	-147.121034127415
15.2795940000000	-69.9772607734144
15.3130560000000	972.899941055068
15.3469860000000	167.394136286996
15.3813840000000	206.494306774513
15.4162500000000	-345.420614705377
15.4515840000000	913.749567063284
15.4873860000000	713.986490212331
15.5236560000000	612.487152267382
15.5603940000000	644.929446863450
15.5976000000000	501.977358390390
15.6352740000000	364.389544334324
15.6734160000000	649.262522662488
15.7120260000000	616.449383284714
15.7511040000000	1390.52121579934
15.7906500000000	1571.78425051242
15.8306640000000	743.668000592809
15.8711460000000	336.038388278399
15.9120960000000	949.715027282820
15.9535140000000	2044.91579525379
15.9954000000000	2164.72975397840
16.0377540000000	2639.35523796173
16.0805760000000	3089.41071841079
16.1238660000000	2405.76511723568
16.1676240000000	2106.89662189670
16.2118500000000	2723.08184543766
16.2565440000000	2999.79673176556
16.3017060000000	3557.73613850571
16.3473360000000	3923.27042387951
16.3934340000000	4738.46218270820
16.4400000000000	4308.80341880342
16.4870340000000	4870.18651846259
16.5345360000000	5701.43923285352
16.5825060000000	6502.51269664301
16.6309440000000	6624.60127591723
16.6798500000000	6633.08927775797
16.7292240000000	6406.80791300488
16.7790660000000	5324.85350824890
16.8293760000000	5370.63058804983
16.8801540000000	5165.11083791916
16.9314000000000	4788.04095602734
16.9831140000000	5160.26963320666
17.0352960000000	5774.97018043686
17.0879460000000	6948.50634436567
17.1410640000000	7338.84839323666
17.1946500000000	7659.62333962374
17.2487040000000	8041.07277796139
17.3032260000000	8392.91780323694
17.3582160000000	7466.02672292525
17.4136740000000	6469.14780245330
17.4696000000000	5462.64921800182
17.5259940000000	3962.32352010138
17.5828560000000	3453.09105180532
17.6401860000000	3215.69500674754
17.6979840000000	2654.75886451791
17.7562500000000	1931.18347124331
17.8149840000000	1659.46358231143
17.8741860000000	1504.50700519523
17.9338560000000	1163.04193687847
17.9939940000000	1458.18541068541
18.0546000000000	1500.66720699485
18.1156740000000	1115.88289298360
18.1772160000000	1134.40246734403
18.2392260000000	2215.99378981406
18.3017040000000	1565.66207542973
18.3646500000000	1596.92954237231
18.4280640000000	2257.44685513905
18.4919460000000	2281.22206682216
18.5562960000000	1842.00515288966
18.6211140000000	2407.25561376098
18.6864000000000	2951.89859172073
18.7521540000000	3157.14883271404
18.8183760000000	3344.97031039148
18.8850660000000	4048.17639000550
18.9522240000000	3854.22411498533
19.0198500000000	4165.80682585846
19.0879440000000	5327.74189784429
19.1565060000000	6773.51513834550
19.2255360000000	7495.92765259439
19.2950340000000	8402.19520910146
19.3650000000000	9916.61867847932
19.4354340000000	11195.0717892302
19.5063360000000	11819.7001541267
19.5777060000000	12963.3636793898
19.6495440000000	14225.0048405386
19.7218500000000	14880.6290708222
19.7946240000000	15216.0918598617
19.8678660000000	15223.4974901638
19.9415760000000	13703.1357006121
20.0157540000000	13479.6988452165
20.0904000000000	14068.5384881648
20.1655140000000	14834.9117514744
20.2410960000000	15850.5548980944
20.3171460000000	17818.9406414169
20.3936640000000	20051.0807159749
20.4706500000000	19289.9695303011
20.5481040000000	17038.7361720701
20.6260260000000	14456.9447633622
20.7044160000000	11123.1300565578
20.7832740000000	8977.77361772917
20.8626000000000	7273.73323808810
20.9423940000000	6781.49435598405
21.0226560000000	5625.05016722414
21.1033860000000	5471.36838345768
21.1845840000000	5522.07332304764
21.2662500000000	5308.09774271313
21.3483840000000	5349.39662477897
21.4309860000000	5399.74744191650
21.5140560000000	5443.99327252263
21.5975940000000	5325.70459252919
21.6816000000000	5485.63404124345
21.7660740000000	5943.16545407443
21.8510160000000	5591.17819927435
21.9364260000000	6138.84079740995
22.0223040000000	7173.85229194181
22.1086500000000	7786.76503789740
22.1954640000000	8094.37409775194
22.2827460000000	8796.10472934475
22.3704960000000	9355.43868598232
22.4587140000000	9548.53539453813
22.5474000000000	10237.8931960427
22.6365540000000	11502.6500189683
22.7261760000000	11917.9686979692
22.8162660000000	12743.3545352148
22.9068240000000	13623.8492298905
22.9978500000000	13483.5355323845
23.0893440000000	12641.7846501813
23.1813060000000	12452.2947095103
23.2737360000000	13336.3990613364
23.3666340000000	13581.5714499926
23.4600000000000	14630.0722552591
23.5538340000000	15359.0443468851
23.6481360000000	14099.4671309485
23.7429060000000	11265.4255654262
23.8381440000000	8776.27985706194
23.9338500000000	7074.38340923733
24.0300240000000	5638.24341383668
24.1266660000000	4802.88703532074
24.2237760000000	4011.46446945014
24.3213540000000	3604.32174693511
24.4194000000000	3062.77554459260
24.5179140000000	2861.94368673094
24.6168960000000	2785.51794871802
24.7163460000000	2571.37913088727
24.8162640000000	2320.63156217010
24.9166500000000	1596.95827632020
25.0175040000000	1737.66279781286
25.1188260000000	1487.50181746737
25.2206160000000	1143.10919439067
25.3228740000000	1246.45912427233
25.4256000000000	850.812324359927
25.5287940000000	1065.88778916093
25.6324560000000	480.052127148766
25.7365860000000	805.114132201359
25.8411840000000	283.357051757950
25.9462500000000	92.5939602403029
26.0517840000000	-299.139874719345
26.1577860000000	-299.380633042177
26.2642560000000	-208.924956516854
26.3711940000000	135.302916038209
26.4786000000000	-107.648590021697
26.5864740000000	-514.429860995700
26.6948160000000	-691.261979597474
26.8036260000000	-810.027809806158
26.9129040000000	-548.432444007100
27.0226500000000	-1183.45691110019
27.1328640000000	-1146.38107370665
27.2435460000000	-1725.55411605940
27.3546960000000	-1674.31122220436
27.4663140000000	-2236.00297985473
27.5784000000000	-2157.87710787705
27.6909540000000	-2783.13045247835
27.8039760000000	-2823.52515640148
27.9174660000000	-3149.81730111083
28.0314240000000	-3363.92550644090
28.1458500000000	-3725.40141347678
28.2607440000000	-5030.86440942420
28.3761060000000	-6459.91599758252
28.4919360000000	-17511.7216117226
28.6082340000000	-14270.6478185360